0.916792 0.602377 0.330060 0.133215 0.272928 0.151661 0.087798 0.097798 0.046506 0.047749 0.034000 -0.000858 -0.043158 -0.039551 -0.042296 -0.011281 0.000708 -0.005414 -0.012507 -0.023010 -0.018768 -0.041252 -0.022994 -0.047807 -0.027415 -0.016270 -0.003911 -0.034581 -0.033479 -0.032010 -0.023989 -0.015032 0.008384 -0.003902 0.025275 0.044955 0.073131 0.052263 0.043010 0.010605 -0.023897 -0.044847 0.025353 0.039535 0.039075 0.049908
0.602377 0.875588 0.568046 0.264758 0.227313 0.220637 0.164564 0.096620 -0.005685 0.014035 -0.023113 -0.058830 -0.063992 -0.046413 -0.051766 0.003437 0.034947 0.035743 0.007633 -0.001717 -0.000033 -0.015201 -0.026038 -0.047790 -0.020048 -0.002404 0.012036 0.000997 0.016602 -0.009548 -0.018348 -0.002613 0.023215 0.024925 0.039925 0.026598 0.033622 0.013694 -0.012039 -0.063013 -0.075151 -0.022483 0.105454 0.118916 0.078539 0.055891
0.330060 0.568046 0.952668 0.620578 0.362652 0.291871 0.176854 0.087712 0.013017 0.001939 -0.044818 -0.086922 -0.069566 -0.061516 -0.081791 -0.012808 0.021344 0.004299 -0.038940 -0.054991 -0.062009 -0.057518 -0.073012 -0.087175 -0.053925 -0.017423 -0.022723 -0.002036 0.050785 0.035183 0.021922 0.008559 0.025281 0.033766 0.012742 -0.016766 -0.030070 -0.025710 -0.036778 -0.064413 -0.016755 0.118644 0.222005 0.142492 0.083887 -0.001241
0.133215 0.264758 0.620578 1.122899 0.646075 0.452728 0.261356 0.141411 0.039408 0.006758 -0.050228 -0.087322 -0.060266 -0.057972 -0.062639 -0.006093 0.027074 0.005277 -0.031393 -0.025884 -0.001816 0.010721 0.011920 -0.006656 -0.005817 0.009045 0.050281 0.099822 0.107834 0.083749 0.052347 0.042493 0.028001 0.022060 -0.012295 -0.020813 -0.018714 -0.016563 0.000638 0.025508 0.107050 0.300831 0.293511 0.144958 0.050880 -0.020779
0.272928 0.227313 0.362652 0.646075 1.140275 0.526042 0.508076 0.330656 0.126456 0.051071 -0.063433 -0.101487 -0.113968 -0.117750 -0.114051 -0.074590 -0.035915 -0.018936 -0.050713 -0.019577 -0.005352 0.015056 0.053931 0.041478 0.004991 0.002075 0.040318 0.097076 0.120801 0.109692 0.077094 0.039775 0.023272 0.006770 -0.031801 -0.048962 -0.043086 -0.043614 -0.018349 -0.012325 0.075030 0.199931 0.135617 0.023224 -0.023069 -0.037904
0.151661 0.220637 0.291871 0.452728 0.526042 1.073385 0.655934 0.424576 0.156582 0.037349 -0.082710 -0.138873 -0.117814 -0.104535 -0.068852 -0.015184 0.068944 0.074219 0.054996 0.056295 0.038655 0.021520 -0.004823 -0.047233 -0.075232 -0.086099 -0.031492 -0.008545 0.005095 0.014357 0.013961 0.028492 0.052273 0.039261 -0.005937 -0.017544 -0.010725 -0.028939 0.003736 -0.022628 0.078814 0.091430 0.064840 -0.045242 -0.099041 -0.096039
0.087798 0.164564 0.176854 0.261356 0.508076 0.655934 1.186040 0.729823 0.277284 0.104437 -0.055855 -0.138952 -0.146265 -0.144888 -0.131473 -0.111046 -0.024673 0.004663 -0.018115 -0.023053 -0.032847 -0.022111 0.018170 0.005092 -0.055714 -0.128022 -0.161469 -0.126795 -0.079375 -0.057044 -0.063340 -0.033976 0.018183 0.053398 -0.000084 -0.012305 -0.008283 -0.045210 -0.044467 -0.087134 -0.081323 -0.002784 0.053489 -0.021139 -0.071573 -0.063829
0.097798 0.096620 0.087712 0.141411 0.330656 0.424576 0.729823 0.971238 0.563647 0.244301 0.090623 0.004055 -0.045397 -0.078922 -0.064550 -0.075004 -0.045004 -0.041142 -0.043206 -0.031582 -0.023301 -0.012853 0.019569 0.010393 0.002519 -0.022010 -0.034788 -0.038036 -0.052807 -0.053240 -0.043158 -0.014812 0.010595 0.041904 0.029463 0.015887 -0.003396 -0.043883 -0.009298 0.013697 0.048842 0.012943 0.023097 0.004637 0.010010 0.043443
0.046506 -0.005685 0.013017 0.039408 0.126456 0.156582 0.277284 0.563647 0.756878 0.426469 0.263867 0.147082 0.065815 0.004150 -0.023395 -0.043624 -0.051275 -0.071484 -0.078069 -0.067998 -0.049173 -0.022991 -0.003306 -0.004337 0.007298 0.018714 0.015101 0.020199 0.007317 -0.005732 -0.006042 -0.004053 0.005266 0.025634 0.023298 0.024218 0.010227 -0.026041 0.008102 0.040969 0.081003 0.040421 0.002159 -0.015347 0.014916 0.049531
0.047749 0.014035 0.001939 0.006758 0.051071 0.037349 0.104437 0.244301 0.426469 0.535284 0.380308 0.248336 0.147845 0.093465 0.053491 0.013600 -0.017933 -0.015590 -0.025087 -0.023782 -0.013910 0.006294 0.019692 0.031311 0.044711 0.067959 0.067610 0.051373 0.025815 0.007144 0.017992 0.023068 0.032892 0.042124 0.047563 0.063962 0.055523 0.022933 0.005227 0.041387 0.063720 0.056946 0.029411 0.015484 0.052666 0.086784
0.034000 -0.023113 -0.044818 -0.050228 -0.063433 -0.082710 -0.055855 0.090623 0.263867 0.380308 0.512734 0.408913 0.271226 0.189303 0.147888 0.094729 0.035160 0.019860 0.002594 -0.005672 0.008636 0.028626 0.034847 0.040058 0.078723 0.117621 0.127965 0.097429 0.062046 0.044824 0.068543 0.078925 0.090039 0.090054 0.107464 0.106292 0.070033 0.045375 0.014387 0.016842 0.028633 0.038067 0.007626 -0.006327 0.042658 0.095372
-0.000858 -0.058830 -0.086922 -0.087322 -0.101487 -0.138873 -0.138952 0.004055 0.147082 0.248336 0.408913 0.477523 0.357428 0.256119 0.212339 0.160572 0.087118 0.060247 0.042795 0.047723 0.052767 0.060344 0.056854 0.057264 0.089453 0.129498 0.143681 0.116414 0.084465 0.071330 0.100575 0.107043 0.112935 0.099198 0.116804 0.113904 0.071558 0.028033 0.000114 0.014999 0.036562 0.048635 0.002083 -0.012688 0.046725 0.101351
-0.043158 -0.063992 -0.069566 -0.060266 -0.113968 -0.117814 -0.146265 -0.045397 0.065815 0.147845 0.271226 0.357428 0.440171 0.334865 0.269447 0.233291 0.188853 0.125780 0.088001 0.114703 0.106388 0.098409 0.080945 0.079918 0.099608 0.125912 0.131946 0.114966 0.098530 0.106643 0.107705 0.107843 0.127043 0.137448 0.140221 0.111926 0.065812 0.032314 0.018667 0.033039 0.056970 0.083102 0.027246 0.004248 0.050923 0.088342
-0.039551 -0.046413 -0.061516 -0.057972 -0.117750 -0.104535 -0.144888 -0.078922 0.004150 0.093465 0.189303 0.256119 0.334865 0.446391 0.367336 0.326783 0.255355 0.212902 0.162514 0.160543 0.153741 0.126721 0.094438 0.088518 0.101202 0.140953 0.129339 0.103136 0.084404 0.077341 0.117110 0.137030 0.162064 0.160444 0.157643 0.131878 0.082253 0.049753 0.031317 0.022945 0.030841 0.079533 0.036729 0.019307 0.048049 0.073487
-0.042296 -0.051766 -0.081791 -0.062639 -0.114051 -0.068852 -0.131473 -0.064550 -0.023395 0.053491 0.147888 0.212339 0.269447 0.367336 0.486414 0.414924 0.310929 0.272912 0.239818 0.209648 0.198572 0.158882 0.110431 0.094531 0.110847 0.140061 0.141251 0.111817 0.091308 0.090944 0.137927 0.171039 0.186168 0.157692 0.152499 0.124683 0.067911 0.037130 0.032405 0.026664 0.031263 0.064162 0.045120 0.032444 0.044377 0.058860
-0.011281 0.003437 -0.012808 -0.006093 -0.074590 -0.015184 -0.111046 -0.075004 -0.043624 0.013600 0.094729 0.160572 0.233291 0.326783 0.414924 0.517989 0.445405 0.353261 0.288419 0.273893 0.240303 0.184134 0.119148 0.085402 0.096723 0.127697 0.137064 0.124174 0.116163 0.128453 0.167941 0.206551 0.227518 0.181685 0.153730 0.111258 0.067319 0.044007 0.033717 0.000488 0.013247 0.076308 0.052819 0.014422 0.026545 0.023456
0.000708 0.034947 0.021344 0.027074 -0.035915 0.068944 -0.024673 -0.045004 -0.051275 -0.017933 0.035160 0.087118 0.188853 0.255355 0.310929 0.445405 0.565535 0.459274 0.362902 0.346078 0.283232 0.221158 0.149305 0.105972 0.095519 0.097030 0.106709 0.130824 0.145831 0.173204 0.180226 0.201322 0.208747 0.177147 0.131158 0.083434 0.066409 0.052397 0.038083 -0.004752 -0.004789 0.081013 0.052276 -0.002124 0.008056 0.016988
-0.005414 0.035743 0.004299 0.005277 -0.018936 0.074219 0.004663 -0.041142 -0.071484 -0.015590 0.019860 0.060247 0.125780 0.212902 0.272912 0.353261 0.459274 0.552101 0.460204 0.393150 0.310676 0.242086 0.152335 0.112465 0.100439 0.107532 0.129613 0.145691 0.169168 0.178637 0.202448 0.211344 0.189263 0.152628 0.108325 0.067031 0.063345 0.058941 0.042901 -0.002361 -0.013883 0.069632 0.059807 0.029946 0.036879 0.029519
-0.012507 0.007633 -0.038940 -0.031393 -0.050713 0.054996 -0.018115 -0.043206 -0.078069 -0.025087 0.002594 0.042795 0.088001 0.162514 0.239818 0.288419 0.362902 0.460204 0.508205 0.433752 0.347146 0.261428 0.173692 0.132996 0.121601 0.130571 0.166164 0.161990 0.169322 0.179761 0.200933 0.202876 0.162215 0.112047 0.094797 0.066051 0.060999 0.047443 0.050847 0.024712 -0.000893 0.052768 0.058957 0.063380 0.073083 0.067293
-0.023010 -0.001717 -0.054991 -0.025884 -0.019577 0.056295 -0.023053 -0.031582 -0.067998 -0.023782 -0.005672 0.047723 0.114703 0.160543 0.209648 0.273893 0.346078 0.393150 0.433752 0.475981 0.401031 0.298706 0.220326 0.175443 0.151495 0.160046 0.185570 0.188758 0.180677 0.186576 0.186479 0.180101 0.150840 0.110075 0.090289 0.068316 0.074651 0.060090 0.063135 0.050029 0.021130 0.065485 0.051025 0.059339 0.075025 0.080492
-0.018768 -0.000033 -0.062009 -0.001816 -0.005352 0.038655 -0.032847 -0.023301 -0.049173 -0.013910 0.008636 0.052767 0.106388 0.153741 0.198572 0.240303 0.283232 0.310676 0.347146 0.401031 0.441714 0.344068 0.281634 0.238511 0.221569 0.226512 0.242283 0.220706 0.193805 0.171634 0.160395 0.144236 0.126523 0.093521 0.076213 0.055387 0.063037 0.054117 0.059806 0.064389 0.044841 0.078807 0.061383 0.080911 0.101959 0.101930
-0.041252 -0.015201 -0.057518 0.010721 0.015056 0.021520 -0.022111 -0.012853 -0.022991 0.006294 0.028626 0.060344 0.098409 0.126721 0.158882 0.184134 0.221158 0.242086 0.261428 0.298706 0.344068 0.376535 0.312154 0.272922 0.252975 0.253870 0.250162 0.217710 0.187495 0.154563 0.145515 0.127813 0.112243 0.083603 0.059969 0.036285 0.032120 0.035978 0.042484 0.067077 0.056198 0.080126 0.058474 0.082580 0.119804 0.117602
-0.022994 -0.026038 -0.073012 0.011920 0.053931 -0.004823 0.018170 0.019569 -0.003306 0.019692 0.034847 0.056854 0.080945 0.094438 0.110431 0.119148 0.149305 0.152335 0.173692 0.220326 0.281634 0.312154 0.380039 0.352364 0.317822 0.283906 0.243331 0.197833 0.159305 0.128353 0.100801 0.087669 0.082769 0.073043 0.050860 0.023205 0.025349 0.023025 0.042082 0.073289 0.034407 0.045003 0.040858 0.066188 0.102542 0.120330
-0.047807 -0.047790 -0.087175 -0.006656 0.041478 -0.047233 0.005092 0.010393 -0.004337 0.031311 0.040058 0.057264 0.079918 0.088518 0.094531 0.085402 0.105972 0.112465 0.132996 0.175443 0.238511 0.272922 0.352364 0.405170 0.375319 0.326648 0.261483 0.210328 0.164712 0.123172 0.095797 0.081265 0.071984 0.064433 0.039535 0.015377 0.020469 0.021052 0.044624 0.090462 0.046499 0.030354 0.031924 0.056935 0.090650 0.110739
-0.027415 -0.020048 -0.053925 -0.005817 0.004991 -0.075232 -0.055714 0.002519 0.007298 0.044711 0.078723 0.089453 0.099608 0.101202 0.110847 0.096723 0.095519 0.100439 0.121601 0.151495 0.221569 0.252975 0.317822 0.375319 0.426135 0.395273 0.326990 0.254958 0.192707 0.137255 0.106301 0.094468 0.081779 0.068040 0.054896 0.023517 0.015844 0.017413 0.046898 0.092789 0.065317 0.039256 0.039603 0.069028 0.104584 0.123682
-0.016270 -0.002404 -0.017423 0.009045 0.002075 -0.086099 -0.128022 -0.022010 0.018714 0.067959 0.117621 0.129498 0.125912 0.140953 0.140061 0.127697 0.097030 0.107532 0.130571 0.160046 0.226512 0.253870 0.283906 0.326648 0.395273 0.457360 0.411991 0.322518 0.230682 0.157971 0.139009 0.125566 0.109810 0.087764 0.083620 0.051321 0.019259 0.023015 0.044545 0.074364 0.077993 0.056698 0.050720 0.070659 0.109587 0.127499
-0.003911 0.012036 -0.022723 0.050281 0.040318 -0.031492 -0.161469 -0.034788 0.015101 0.067610 0.127965 0.143681 0.131946 0.129339 0.141251 0.137064 0.106709 0.129613 0.166164 0.185570 0.242283 0.250162 0.243331 0.261483 0.326990 0.411991 0.486472 0.395698 0.297408 0.218560 0.185076 0.160270 0.125923 0.086599 0.077613 0.050184 0.009615 0.015850 0.037384 0.052424 0.077366 0.068169 0.049559 0.061978 0.093378 0.108614
-0.034581 0.000997 -0.002036 0.099822 0.097076 -0.008545 -0.126795 -0.038036 0.020199 0.051373 0.097429 0.116414 0.114966 0.103136 0.111817 0.124174 0.130824 0.145691 0.161990 0.188758 0.220706 0.217710 0.197833 0.210328 0.254958 0.322518 0.395698 0.436853 0.365837 0.286546 0.239275 0.192450 0.136070 0.085815 0.057630 0.025233 -0.010183 0.003915 0.025556 0.035588 0.085715 0.102267 0.049414 0.035137 0.057136 0.067480
-0.033479 0.016602 0.050785 0.107834 0.120801 0.005095 -0.079375 -0.052807 0.007317 0.025815 0.062046 0.084465 0.098530 0.084404 0.091308 0.116163 0.145831 0.169168 0.169322 0.180677 0.193805 0.187495 0.159305 0.164712 0.192707 0.230682 0.297408 0.365837 0.419216 0.361622 0.293321 0.233156 0.171589 0.115041 0.062011 0.015162 -0.016461 0.002284 0.018895 0.016154 0.076107 0.113608 0.053874 0.011632 0.031028 0.040749
-0.032010 -0.009548 0.035183 0.083749 0.109692 0.014357 -0.057044 -0.053240 -0.005732 0.007144 0.044824 0.071330 0.106643 0.077341 0.090944 0.128453 0.173204 0.178637 0.179761 0.186576 0.171634 0.154563 0.128353 0.123172 0.137255 0.157971 0.218560 0.286546 0.361622 0.417657 0.340932 0.258072 0.188386 0.128721 0.062521 0.010439 -0.018116 -0.004105 0.008098 0.006115 0.062395 0.099511 0.029976 -0.018967 0.007539 0.026634
-0.023989 -0.018348 0.021922 0.052347 0.077094 0.013961 -0.063340 -0.043158 -0.006042 0.017992 0.068543 0.100575 0.107705 0.117110 0.137927 0.167941 0.180226 0.202448 0.200933 0.186479 0.160395 0.145515 0.100801 0.095797 0.106301 0.139009 0.185076 0.239275 0.293321 0.340932 0.393340 0.322002 0.244544 0.158998 0.099798 0.036580 -0.004679 -0.008075 0.003667 -0.003039 0.054500 0.088422 0.015550 -0.037738 -0.005049 0.013188
-0.015032 -0.002613 0.008559 0.042493 0.039775 0.028492 -0.033976 -0.014812 -0.004053 0.023068 0.078925 0.107043 0.107843 0.137030 0.171039 0.206551 0.201322 0.211344 0.202876 0.180101 0.144236 0.127813 0.087669 0.081265 0.094468 0.125566 0.160270 0.192450 0.233156 0.258072 0.322002 0.369527 0.316045 0.219742 0.160343 0.096970 0.031471 0.003374 0.021159 -0.003932 0.040900 0.065721 0.021050 -0.036859 -0.009949 0.018917
0.008384 0.023215 0.025281 0.028001 0.023272 0.052273 0.018183 0.010595 0.005266 0.032892 0.090039 0.112935 0.127043 0.162064 0.186168 0.227518 0.208747 0.189263 0.162215 0.150840 0.126523 0.112243 0.082769 0.071984 0.081779 0.109810 0.125923 0.136070 0.171589 0.188386 0.244544 0.316045 0.380543 0.314197 0.235303 0.163123 0.089255 0.036995 0.032793 -0.011769 0.014374 0.054330 0.027360 -0.043832 -0.016226 0.011464
-0.003902 0.024925 0.033766 0.022060 0.006770 0.039261 0.053398 0.041904 0.025634 0.042124 0.090054 0.099198 0.137448 0.160444 0.157692 0.181685 0.177147 0.152628 0.112047 0.110075 0.093521 0.083603 0.073043 0.064433 0.068040 0.087764 0.086599 0.085815 0.115041 0.128721 0.158998 0.219742 0.314197 0.364777 0.285280 0.191368 0.126198 0.063531 0.026374 -0.027858 -0.027176 0.025945 0.023827 -0.048661 -0.024912 0.013832
0.025275 0.039925 0.012742 -0.012295 -0.031801 -0.005937 -0.000084 0.029463 0.023298 0.047563 0.107464 0.116804 0.140221 0.157643 0.152499 0.153730 0.131158 0.108325 0.094797 0.090289 0.076213 0.059969 0.050860 0.039535 0.054896 0.083620 0.077613 0.057630 0.062011 0.062521 0.099798 0.160343 0.235303 0.285280 0.325781 0.248235 0.171829 0.084868 0.043777 -0.016468 -0.018259 0.026376 0.029321 -0.020509 -0.011586 0.021993
0.044955 0.026598 -0.016766 -0.020813 -0.048962 -0.017544 -0.012305 0.015887 0.024218 0.063962 0.106292 0.113904 0.111926 0.131878 0.124683 0.111258 0.083434 0.067031 0.066051 0.068316 0.055387 0.036285 0.023205 0.015377 0.023517 0.051321 0.050184 0.025233 0.015162 0.010439 0.036580 0.096970 0.163123 0.191368 0.248235 0.302913 0.238833 0.140851 0.078820 0.015653 0.003584 0.043874 0.050478 0.016607 0.010030 0.038015
0.073131 0.033622 -0.030070 -0.018714 -0.043086 -0.010725 -0.008283 -0.003396 0.010227 0.055523 0.070033 0.071558 0.065812 0.082253 0.067911 0.067319 0.066409 0.063345 0.060999 0.074651 0.063037 0.032120 0.025349 0.020469 0.015844 0.019259 0.009615 -0.010183 -0.016461 -0.018116 -0.004679 0.031471 0.089255 0.126198 0.171829 0.238833 0.299252 0.217810 0.136356 0.075370 0.026222 0.043820 0.050944 0.026733 0.021540 0.043480
0.052263 0.013694 -0.025710 -0.016563 -0.043614 -0.028939 -0.045210 -0.043883 -0.026041 0.022933 0.045375 0.028033 0.032314 0.049753 0.037130 0.044007 0.052397 0.058941 0.047443 0.060090 0.054117 0.035978 0.023025 0.021052 0.017413 0.023015 0.015850 0.003915 0.002284 -0.004105 -0.008075 0.003374 0.036995 0.063531 0.084868 0.140851 0.217810 0.275567 0.210953 0.138917 0.071844 0.060219 0.058055 0.047052 0.033411 0.050473
0.043010 -0.012039 -0.036778 0.000638 -0.018349 0.003736 -0.044467 -0.009298 0.008102 0.005227 0.014387 0.000114 0.018667 0.031317 0.032405 0.033717 0.038083 0.042901 0.050847 0.063135 0.059806 0.042484 0.042082 0.044624 0.046898 0.044545 0.037384 0.025556 0.018895 0.008098 0.003667 0.021159 0.032793 0.026374 0.043777 0.078820 0.136356 0.210953 0.317815 0.269590 0.165910 0.081434 0.065114 0.069737 0.044003 0.048554
0.010605 -0.063013 -0.064413 0.025508 -0.012325 -0.022628 -0.087134 0.013697 0.040969 0.041387 0.016842 0.014999 0.033039 0.022945 0.026664 0.000488 -0.004752 -0.002361 0.024712 0.050029 0.064389 0.067077 0.073289 0.090462 0.092789 0.074364 0.052424 0.035588 0.016154 0.006115 -0.003039 -0.003932 -0.011769 -0.027858 -0.016468 0.015653 0.075370 0.138917 0.269590 0.434438 0.344080 0.137364 0.054241 0.086897 0.108546 0.106921
-0.023897 -0.075151 -0.016755 0.107050 0.075030 0.078814 -0.081323 0.048842 0.081003 0.063720 0.028633 0.036562 0.056970 0.030841 0.031263 0.013247 -0.004789 -0.013883 -0.000893 0.021130 0.044841 0.056198 0.034407 0.046499 0.065317 0.077993 0.077366 0.085715 0.076107 0.062395 0.054500 0.040900 0.014374 -0.027176 -0.018259 0.003584 0.026222 0.071844 0.165910 0.344080 0.523958 0.309510 0.098859 0.060942 0.103763 0.104694
-0.044847 -0.022483 0.118644 0.300831 0.199931 0.091430 -0.002784 0.012943 0.040421 0.056946 0.038067 0.048635 0.083102 0.079533 0.064162 0.076308 0.081013 0.069632 0.052768 0.065485 0.078807 0.080126 0.045003 0.030354 0.039256 0.056698 0.068169 0.102267 0.113608 0.099511 0.088422 0.065721 0.054330 0.025945 0.026376 0.043874 0.043820 0.060219 0.081434 0.137364 0.309510 0.530557 0.350518 0.175122 0.106084 0.067281
0.025353 0.105454 0.222005 0.293511 0.135617 0.064840 0.053489 0.023097 0.002159 0.029411 0.007626 0.002083 0.027246 0.036729 0.045120 0.052819 0.052276 0.059807 0.058957 0.051025 0.061383 0.058474 0.040858 0.031924 0.039603 0.050720 0.049559 0.049414 0.053874 0.029976 0.015550 0.021050 0.027360 0.023827 0.029321 0.050478 0.050944 0.058055 0.065114 0.054241 0.098859 0.350518 0.454248 0.310108 0.167184 0.087851
0.039535 0.118916 0.142492 0.144958 0.023224 -0.045242 -0.021139 0.004637 -0.015347 0.015484 -0.006327 -0.012688 0.004248 0.019307 0.032444 0.014422 -0.002124 0.029946 0.063380 0.059339 0.080911 0.082580 0.066188 0.056935 0.069028 0.070659 0.061978 0.035137 0.011632 -0.018967 -0.037738 -0.036859 -0.043832 -0.048661 -0.020509 0.016607 0.026733 0.047052 0.069737 0.086897 0.060942 0.175122 0.310108 0.477188 0.363985 0.235794
0.039075 0.078539 0.083887 0.050880 -0.023069 -0.099041 -0.071573 0.010010 0.014916 0.052666 0.042658 0.046725 0.050923 0.048049 0.044377 0.026545 0.008056 0.036879 0.073083 0.075025 0.101959 0.119804 0.102542 0.090650 0.104584 0.109587 0.093378 0.057136 0.031028 0.007539 -0.005049 -0.009949 -0.016226 -0.024912 -0.011586 0.010030 0.021540 0.033411 0.044003 0.108546 0.103763 0.106084 0.167184 0.363985 0.494134 0.394842
0.049908 0.055891 -0.001241 -0.020779 -0.037904 -0.096039 -0.063829 0.043443 0.049531 0.086784 0.095372 0.101351 0.088342 0.073487 0.058860 0.023456 0.016988 0.029519 0.067293 0.080492 0.101930 0.117602 0.120330 0.110739 0.123682 0.127499 0.108614 0.067480 0.040749 0.026634 0.013188 0.018917 0.011464 0.013832 0.021993 0.038015 0.043480 0.050473 0.048554 0.106921 0.104694 0.067281 0.087851 0.235794 0.394842 0.481069
